0.22844748 1.53156491
0.31850351 1.88140954
0.60137419 1.74643377
0.23199626 1.65728782
0.28444154 1.72965279
0.56779583 1.88320653
0.83849616 1.69520573
0.92037790 1.76699003
0.80989018 1.86236242
0.87737000 2.10445788
0.22055775 1.65419713
1.42079648 2.09752463
0.57004494 1.74937571
1.40548009 2.48756550
0.77987255 1.44960028
1.29723568 2.16091584
0.46066403 1.63499210
0.77079684 1.95780693
1.06507353 2.00282867
0.73543673 1.96258220
1.62966832 2.47594389
0.70387367 1.94089799
1.88932811 2.20052908
1.86770297 2.52986781
2.00410342 2.40285162
1.77138878 2.13671259
1.52321001 2.18627586
1.43761312 2.25728118
1.49493285 2.19056450
1.91805129 2.65888520
1.14169621 1.93016407
1.38789636 2.03371864
1.77407631 2.52247903
1.16946561 2.81646411
0.99780328 1.86845287
1.38078517 1.78409547
1.19752702 2.00351394
1.44374408 2.42441379
0.89788843 1.70757685
1.24438022 1.97687362
1.37869674 1.90293299
1.66871189 2.46588375
1.19795946 1.78655194
1.31392961 2.13525499
1.24942722 1.73581660
