3.37917942 4.07963497
3.22324775 3.45575116
3.00686971 3.23129359
3.17609862 3.33703188
2.73438266 2.78164314
2.80033026 3.54978620
3.18222509 3.85870694
3.24340754 3.12395367
3.09225772 3.12509119
3.07748698 2.77312587
3.47977194 2.85209791
3.10118587 3.03036452
3.26871339 3.34280748
3.56229312 3.42171265
3.41503100 3.21804324
3.05113853 3.25207931
3.01774865 2.97048543
3.22704328 3.38190294
3.43032068 3.17199548
3.39661735 3.38832955
3.26671801 3.39096026
3.12807646 4.43075605
3.37271073 3.65333825
3.64162350 3.08895582
3.97462808 3.24212076
3.80375432 3.36672428
3.60390835 3.04272704
2.85707398 2.74726459
3.83209634 3.17874170
3.02632361 3.13447076
3.33939963 3.26827094
3.46060664 2.89339614
3.26639237 2.66520985
3.40697422 2.78814889
3.30525077 2.93136452
3.15383749 3.22379107
3.60034172 3.16276801
3.20677721 3.21152274
3.25502744 3.18991221
3.39627242 2.95625582
3.21282349 2.91681973
3.27625997 3.12319389
3.49698023 3.24883492
3.27802859 3.12363685
3.02507499 3.03417180
