-1.61804197 0.20028999
-1.52798594 0.60235677
-1.24511527 0.61776371
-1.61449320 0.27092236
-1.56204792 0.42111128
-1.27869362 0.68969410
-1.00799330 0.57632388
-0.92611155 0.65288814
-1.03659928 0.73180171
-0.96911946 0.92757331
-1.62593171 0.24284825
-0.42569297 1.10531516
-1.27644452 0.45439968
-0.44100936 1.30102108
-1.06661691 0.33257973
-0.54925377 1.13498333
-1.38582542 0.45848850
-1.07569261 0.79448990
-0.78141592 0.94178457
-1.11105272 0.67851412
-0.21682114 1.43391451
-1.14261578 0.69440527
0.04283865 1.42533600
0.02121352 1.61256790
0.15761396 1.59202791
-0.07510067 1.29207050
-0.32327944 1.27389185
-0.40887633 1.14433989
-0.35155661 1.22383383
0.07156184 1.70171768
-0.70479324 0.87576921
-0.45859309 1.02997594
-0.07241315 1.49847459
-0.67702385 1.56830658
-0.84868617 0.67323046
-0.46570429 0.90908175
-0.64896244 0.96966057
-0.40274538 1.31445294
-0.94860102 0.67253326
-0.60210923 0.92644209
-0.46779272 0.85070240
-0.17777756 1.52256095
-0.64853000 0.81627177
-0.53255985 1.11270024
-0.59706224 0.75174934
