4.57767695 6.38077051
4.66773298 5.97968754
4.95060365 6.08397773
4.58122572 6.48289991
4.63367100 6.24819177
4.91702530 6.10954627
5.18772562 6.71928197
5.26960736 6.79744580
5.15911964 6.47416341
5.22659946 6.48340744
4.56978721 6.53788025
5.77002594 7.11502770
4.91927440 6.69408708
5.75470956 7.26268242
5.12910201 6.82911206
5.64646515 6.80136034
4.80989350 6.15187462
5.12002631 6.37266326
5.41430300 6.59668536
5.08466620 6.79289127
5.97889778 7.24223001
5.05310314 6.62003319
6.23855757 7.44491907
6.21693244 7.27270436
6.35333288 7.51876264
6.12061824 7.46123795
5.87243948 6.90073837
5.78684259 7.34038586
5.84416231 7.05782352
6.26728076 7.34145162
5.49092567 6.89311736
5.73712583 7.16497784
6.12330577 7.47406700
5.51869507 6.36663062
5.34703274 7.07506866
5.73001463 7.10463287
5.54675648 6.84426681
5.79297354 7.12928375
5.24711790 6.54334850
5.59360968 7.05655307
5.72792620 7.40620933
6.01794135 6.85531800
5.54718892 6.94777902
5.66315907 6.88515098
5.59865668 7.16042954
