3.76128312 4.76780596
3.60535144 4.43910464
3.38897340 4.29796117
3.55820232 4.36275440
3.11648636 4.06272894
3.18243395 4.43003676
3.56432878 4.85997340
3.62551124 3.99916175
3.47436142 4.22187302
3.45959068 4.04579349
3.86187564 4.38916677
3.48328957 4.02518612
3.65081709 4.37203301
3.94439681 4.04879517
3.79713470 4.19927389
3.43324223 3.97794236
3.39985235 3.78307774
3.60914698 4.14468784
3.81242438 4.30043293
3.77872105 4.49025139
3.64882171 3.99208058
3.51018016 5.00247819
3.75481443 4.86077117
4.02372720 4.42736994
4.35673178 4.94640061
4.18585802 4.91869870
3.98601204 4.57276850
3.23917767 4.02832750
4.21420004 4.67392766
3.40842730 4.14789028
3.72150332 4.42745122
3.84271033 4.20177812
3.64849607 4.05372578
3.78907792 4.01031489
3.68735447 4.24969853
3.53594119 4.50613297
3.98244542 4.22041191
3.58888091 4.00459055
3.63713114 4.15980280
3.77837612 4.07033957
3.59492719 4.21938863
3.65836366 3.93040528
3.87908393 4.45803641
3.66013229 3.97754870
3.40717869 3.93168787
