2.71968209 4.03392374
2.80973812 3.71376887
3.09260879 3.52119289
2.72323086 4.18243348
2.77567614 3.93644500
3.05903044 3.67448560
3.32973076 4.16980736
3.41161250 4.24334735
3.30112478 3.92548156
3.36860460 4.00969719
2.71179235 4.24358887
3.91203108 4.41707923
3.06127954 4.30536353
3.89671470 4.78612192
3.27110715 4.28823012
3.78847029 4.07702193
2.95189864 3.67215850
3.26203145 3.87491070
3.55630814 3.92992639
3.22667134 4.40908690
4.12090292 4.57110302
3.19510828 4.21700656
4.38056271 4.49962238
4.35893758 4.35123501
4.49533802 4.56788992
4.26262338 4.65280733
4.01444462 3.95247630
3.92884773 4.78711925
3.98616745 4.28462548
4.40928590 4.48568221
3.63293081 4.26691649
3.87913097 4.50153412
4.26531091 4.80699929
3.66070021 4.17103574
3.48903788 4.59101520
3.87201977 4.33259231
3.68876162 4.17293173
3.93497868 4.55448359
3.38912304 3.87296783
3.73561482 4.43867710
3.86993134 4.82567031
4.15994649 3.80107015
3.68919406 4.25063216
3.80516421 4.17867563
3.74066182 4.51992820
