-0.95854463 1.34348011
-1.11447631 1.00226892
-1.33085435 0.71491972
-1.16162544 0.93706183
-1.60334140 0.29238496
-1.53739380 0.56670125
-1.15549897 0.80586354
-1.09431652 1.13840433
-1.24546634 0.82939467
-1.26023707 0.78395910
-0.85795212 1.11922719
-1.23653819 0.92868936
-1.06901067 1.04677874
-0.77543094 1.55288813
-0.92269306 1.26793716
-1.28658553 1.00076402
-1.31997541 0.93613364
-1.11068078 1.15918088
-0.90740338 1.21535391
-0.94110671 1.14068798
-1.07100604 1.27253811
-1.20964760 1.23455551
-0.96501333 0.89619000
-0.69610056 1.37904244
-0.36309598 1.53786111
-0.53396974 1.34200745
-0.73381571 1.22087153
-1.48065008 0.48759290
-0.50562771 1.50854322
-1.31140045 0.80867284
-0.99832443 1.05761386
-0.87711742 1.21781539
-1.07133168 0.98934913
-0.93074984 1.21572450
-1.03247329 1.00253663
-1.18388657 0.69841443
-0.73738234 1.45029561
-1.13094685 1.13124296
-1.08269661 1.09589528
-0.94145163 1.22202110
-1.12490056 0.89548604
-1.06146409 1.20263374
-0.84074382 1.22980818
-1.05969546 1.18513155
-1.31264906 0.89663179
