1.90959607 2.72862075
1.75366439 2.29423646
1.53728635 2.13996951
1.70651526 2.20307529
1.26479930 1.85917845
1.33074690 2.35220119
1.71264173 2.75322998
1.77382419 1.81544588
1.62267436 2.03660684
1.60790363 1.79444856
2.01018859 2.07331444
1.63160251 1.83628509
1.79913003 2.20064872
2.09270976 1.89274372
1.94544765 1.98920007
1.58155517 1.87207056
1.54816529 1.62119079
1.75745992 2.02514709
1.96073733 2.06648963
1.92703399 2.29877122
1.79713466 1.89697802
1.65849311 3.03532600
1.90312737 2.68945865
2.17204014 2.12684174
2.50504472 2.61354501
2.33417096 2.63494685
2.13432499 2.26912328
1.38749062 1.80557497
2.36251299 2.35264209
1.55674025 1.98315672
1.86981627 2.22109137
1.99102328 1.89832775
1.79680902 1.74266562
1.93739086 1.69452534
1.83566742 1.98415079
1.68425414 2.30495925
2.13075836 1.95285707
1.73719385 1.85507276
1.78544409 1.97473326
1.92668907 1.79994920
1.74324014 1.96772822
1.80667661 1.74791398
2.02739688 2.22011783
1.80844524 1.78931328
1.55549164 1.76808470
