5.86956782 6.83646806
5.71363614 6.48999500
5.49725810 6.34750843
5.66648702 6.41120471
5.22477105 6.10597763
5.29071865 6.49398602
5.67261348 6.91968496
5.73379594 6.03947149
5.58264611 6.26609280
5.56787538 6.07914660
5.97016034 6.41330254
5.59157427 6.06680198
5.75910179 6.41802315
6.05268151 6.08906627
5.90541940 6.23618153
5.54152693 6.03197524
5.50813704 5.82670622
5.71743168 6.19651935
5.92070908 6.33506351
5.88700574 6.53324427
5.75710641 6.04532240
5.61846486 7.08582533
5.86309912 6.90974624
6.13201189 6.45197482
6.46501647 6.96905976
6.29414272 6.94917390
6.09429674 6.59915466
5.34746237 6.06760419
6.32248474 6.69655415
5.51671200 6.19502176
5.82978802 6.46827104
5.95099503 6.22540366
5.75678077 6.07697845
5.89736261 6.03030616
5.79563917 6.28086511
5.64422589 6.54989530
6.09073012 6.24704615
5.69716560 6.05047255
5.74541584 6.20175368
5.88666082 6.09740171
5.70321189 6.25310448
5.76664836 5.96947158
5.98736863 6.49315256
5.76841699 6.01643590
5.51546339 5.97678938
