4.22999763 4.92725634
4.07406596 4.32499375
3.85768791 4.11456194
4.02691683 4.20926254
3.58520087 3.69635227
3.65114847 4.42581828
4.03304330 4.75137280
4.09422575 3.95077960
3.94307593 4.00174140
3.92830519 3.65764183
4.33059015 3.76597114
3.95200408 3.88094727
4.11953160 4.21003859
4.41311133 4.21147703
4.26584921 4.05550915
3.90195674 4.08052591
3.86856686 3.79371439
4.07786149 4.21251137
4.28113889 4.03088511
4.24743556 4.26300768
4.11753622 4.19838879
3.97889467 5.28101814
4.22352894 4.56649486
4.49244171 3.96103795
4.82544629 4.19180314
4.65457253 4.30705449
4.45472655 3.96300412
3.70789219 3.65063133
4.68291455 4.07765272
3.87714182 4.00120424
4.19021783 4.14928161
4.31142485 3.75652516
4.11721058 3.54328147
4.25779243 3.62477583
4.15606898 3.81920536
4.00465570 4.14025758
4.45115993 3.98904473
4.05759542 4.03593043
4.10584565 4.03667829
4.24709063 3.79315328
4.06364170 3.80882072
4.12707817 3.93667016
4.34779844 4.12504037
4.12884680 3.94408866
3.87589320 3.87476450
