3.57050030 4.92946508
3.66055633 4.58794081
3.94342700 4.42993815
3.57404907 5.07314597
3.62649435 4.82360188
3.90984864 4.56697779
4.18054897 5.09000023
4.26243071 5.16418711
4.15194299 4.83892094
4.21942281 4.90988045
3.56261056 5.13442840
4.76284929 5.35646480
3.91209775 5.20638854
4.74753291 5.69426571
4.12192536 5.21123700
4.63928849 5.01309328
3.80271684 4.57600195
4.11284966 4.77846496
4.40712635 4.85736972
4.07748954 5.30812148
4.97172113 5.50265134
4.04592649 5.11576420
5.23138092 5.48082993
5.20975579 5.31898405
5.34615623 5.54805650
5.11344159 5.61255073
4.86526282 4.92392568
4.77966594 5.70852241
4.83698566 5.23218732
5.26010410 5.44164314
4.48374902 5.19588929
4.72994917 5.43776966
5.11612912 5.74117850
4.51151842 5.02186148
4.33985609 5.50551940
4.72283798 5.28670789
4.53957983 5.10585606
4.78579689 5.47277721
4.23994125 4.80567849
4.58643303 5.36819484
4.72074955 5.75477325
5.01076470 4.78028145
4.54001227 5.19189897
4.65598242 5.11462755
4.59148003 5.45629013
