3.10178579 4.94666599
3.19184181 4.54813916
3.47471249 4.66904845
3.10533456 5.04551399
3.15777984 4.81453133
3.44113413 4.68824104
3.71183446 5.29723130
3.79371620 5.37562547
3.68322848 5.05535399
3.75070830 5.06257422
3.09389605 5.09956830
4.29413478 5.70110408
3.44338324 5.26226190
4.27881840 5.83800279
3.65321085 5.40462011
4.17057398 5.39168912
3.33400233 4.72983702
3.64413514 4.95290185
3.93841183 5.18456575
3.60877503 5.36157707
4.50300662 5.82877911
3.57721198 5.19134018
4.76266641 6.04066381
4.74104127 5.87082096
4.87744172 6.11542064
4.64472708 6.05086619
4.39654831 5.50014610
4.31095143 5.91818791
4.36827115 5.64858009
4.79138959 5.93738733
4.01503451 5.47580742
4.26123466 5.74859225
4.64741461 6.05900412
4.04280391 4.94132121
3.87114158 5.64795073
4.25412347 5.69261524
4.07086532 5.43023226
4.31708238 5.71112371
3.77122674 5.12930303
4.11771852 5.63803677
4.25203504 5.98350077
4.54205019 5.46189298
4.07129776 5.53295197
4.18726791 5.47362882
4.12276552 5.74136317
