5.23717429 6.20040571
5.08124261 5.85219292
4.86486457 5.70955650
5.03409348 5.77316273
4.59237752 5.46738175
4.65832512 5.85742151
5.04021995 6.28269262
5.10140240 5.40071727
4.95025258 5.62763522
4.93548184 5.43962015
5.33776680 5.77284230
4.95918073 5.42813065
5.12670825 5.77975070
5.42028798 5.45040766
5.27302586 5.59707166
4.90913339 5.39455599
4.87574351 5.18828576
5.08503814 5.55888171
5.28831554 5.69569499
5.25461221 5.89467036
5.12471287 5.40788359
4.98607132 6.45113823
5.23070559 6.27170321
5.49961836 5.81160015
5.83262294 6.32842944
5.66174918 6.30931598
5.46190321 5.95891098
4.71506884 5.42863520
5.69009120 6.05595718
4.88431847 5.55686060
5.19739449 5.82947763
5.31860150 5.58494212
5.12438723 5.43646326
5.26496908 5.38951690
5.16324563 5.64112055
5.01183235 5.91134725
5.45833658 5.60693840
5.06477207 5.41226999
5.11302230 5.56312165
5.25426728 5.45731842
5.07081835 5.61360537
5.13425483 5.33062534
5.35497509 5.85380860
5.13602345 5.37755559
4.88306985 5.33847622
