0.88794482 2.62404934
0.73201314 2.18968047
0.51563510 1.87979204
0.68486402 2.11223142
0.24314806 1.38254031
0.30909565 1.81530335
0.69099048 2.00778331
0.75217294 2.33197504
0.60102312 1.98545298
0.58625238 1.90365467
0.98853734 2.19199193
0.60995127 2.10555090
0.77747879 2.21951236
1.07105851 2.77086577
0.92379640 2.44444928
0.55990393 2.23044767
0.52651404 2.14063771
0.73580868 2.38113597
0.93908608 2.36627816
0.90538275 2.29560830
0.77548341 2.50987660
0.63684186 2.61753819
0.88147613 2.00164258
1.15038890 2.49640309
1.48339347 2.56852109
1.31251972 2.37872493
1.11267374 2.28715284
0.36583937 1.59221596
1.34086174 2.59618412
0.53508900 1.98563987
0.84816502 2.19856031
0.96937203 2.34199915
0.77515777 2.09867716
0.91573962 2.35637543
0.81401617 2.11423095
0.66260289 1.78543077
1.10910712 2.61303575
0.71554261 2.34071283
0.76379284 2.27719078
0.90503782 2.37667554
0.72158889 2.00650158
0.78502536 2.40299966
1.00574563 2.36304178
0.78679399 2.38005659
0.53384039 2.09199326
