5.21007048 7.01678331
5.30012651 6.61588899
5.58299718 6.72166683
5.21361926 7.11862438
5.26606454 6.88423096
5.54941883 6.74666126
5.82011916 7.35636367
5.90200090 7.43454812
5.79151317 7.11151941
5.85899300 7.12057282
5.20218074 7.17352558
6.40241948 7.75283306
5.55166794 7.33030307
6.38710309 7.89952350
5.76149555 7.46598544
6.27885868 7.43953417
5.44228703 6.78893968
5.75241984 7.00992571
6.04669653 7.23463782
5.71705973 7.42914866
6.61129131 7.88006990
5.68549667 7.25651616
6.87095111 8.08359804
6.84932597 7.91158341
6.98572642 8.15752106
6.75301178 8.09936851
6.50483301 7.53973316
6.41923612 7.97745604
6.47655585 7.69604376
6.89967429 7.98013155
6.12331921 7.53061894
6.36951936 7.80256628
6.75569931 8.11176873
6.15108861 7.00333283
5.97942628 7.71170625
6.36240816 7.74261585
6.17915002 7.48205701
6.42536707 7.76670118
5.87951143 7.18113757
6.22600322 7.69395036
6.36031973 8.04324294
6.65033489 7.49494937
6.17958246 7.58550729
6.29555261 7.52316294
6.23105022 7.79778531
