1.25009873 2.89240922
1.34015476 2.49075449
1.62302543 2.51892470
1.25364751 3.00815819
1.30609279 2.76149238
1.58944708 2.57474525
1.86014740 3.17814981
1.94202915 3.25525004
1.83154142 2.92273006
1.89902125 2.94406779
1.24220899 3.06637559
2.44244773 3.53741144
1.59169619 3.19545774
2.42713134 3.73523059
1.80152380 3.29630575
2.31888693 3.20779860
1.48231528 2.61588418
1.79244809 2.82806795
2.08672478 3.01510532
1.75708798 3.29312068
2.65131956 3.66479241
1.72552492 3.11074685
2.91097935 3.81985794
2.88935422 3.64054264
3.02575467 3.89019176
2.79304003 3.86491175
2.54486126 3.26253939
2.45926437 3.79944896
2.51658409 3.45976803
2.93970254 3.72064157
2.16334746 3.33137809
2.40954761 3.59772664
2.79572755 3.90222991
2.19111686 2.86555060
2.01945453 3.55462789
2.40243641 3.51603207
2.21917826 3.26875079
2.46539532 3.57387754
1.91953968 2.96793160
2.26603147 3.49929745
2.40034798 3.86496490
2.69036314 3.18557173
2.21961071 3.37320691
2.33558085 3.29897187
2.27107846 3.60342707
